2;133;24
2;133;25
2;133;26
2;133;27
2;133;28
2;133;29
2;133;30
2;133;31
2;133;32
2;133;33
2;133;34
2;133;35
2;133;36
2;133;37
2;133;38
2;133;39
2;133;40
2;133;41
2;133;42
2;133;43
2;133;44
2;133;45
2;133;46
2;133;47
2;133;48
2;133;49
2;133;50
2;133;51
2;133;52
2;133;53
2;133;54
2;133;55
2;133;56
2;133;57
2;134;22
2;134;23
2;134;24
2;134;25
2;134;26
2;134;27
2;134;28
2;134;29
2;134;30
2;134;31
2;134;32
2;134;33
2;134;34
2;134;35
2;134;36
2;134;37
2;134;38
2;134;39
2;134;40
2;134;41
2;134;42
2;134;43
2;134;44
2;134;45
2;134;46
2;134;47
2;134;48
2;134;49
2;134;50
2;134;51
2;134;52
2;134;53
2;135;20
2;135;21
2;135;22
2;135;23
2;135;24
2;135;25
2;135;26
2;135;27
2;135;28
2;135;29
2;135;30
2;135;31
2;135;32
2;135;33
2;135;34
2;135;35
2;135;36
2;135;37
2;135;38
2;135;39
2;135;40
2;135;41
2;135;42
2;135;43
2;135;44
2;135;45
2;135;46
2;135;47
2;135;48
2;135;49
2;135;50
2;135;51
2;135;52
2;135;53
2;137;20
2;137;21
2;137;22
2;137;23
2;137;24
2;137;25
2;137;26
2;137;27
2;137;28
2;137;29
2;137;30
2;137;31
2;137;32
2;137;33
2;137;34
2;137;35
2;137;36
2;137;37
2;137;38
2;137;39
2;137;40
2;137;41
2;137;42
2;137;43
2;137;44
2;137;45
2;137;46
2;137;47
2;137;48
2;137;49
2;137;50
2;137;51
2;137;52
2;137;53
2;138;21
2;138;22
2;138;23
2;138;24
2;138;25
2;138;26
2;138;27
2;138;28
2;138;29
2;138;30
2;138;31
2;138;32
2;138;33
2;138;34
2;138;35
2;138;36
2;138;37
2;138;38
2;138;39
2;138;40
2;138;41
2;138;42
2;138;43
2;138;44
2;138;45
2;138;46
2;138;47
2;138;48
2;204;1
2;204;2
2;204;3
2;204;4
2;204;5
2;204;6
2;204;7
2;204;8
2;204;9
2;204;10
2;204;11
2;204;12
2;204;13
2;204;14
2;204;15
2;204;16
2;204;17
2;204;18
2;204;19
2;204;20
2;204;21
2;203;37
2;203;38
2;203;39
2;203;40
2;203;41
2;203;42
2;203;43
2;203;44
2;203;45
2;203;46
2;204A;1
2;204A;2
2;204A;3
2;204A;4
2;204A;5
2;204A;6
2;204A;7
2;204A;8
2;204A;9
2;204A;10
2;204A;11
2;204A;12
2;204A;13
2;204A;14
2;204A;15
2;204A;16
2;204A;17
2;204A;18
2;204A;19
2;204A;20
2;204A;21
2;204A;22
2;204A;23
2;204A;24
2;204A;25
2;204A;26
2;204A;27
2;204A;28
2;204A;29
2;204A;30
2;205;2
2;205;3
2;205;4
2;205;6
2;205;7
2;205;8
2;205;9
2;205;10
2;205;11
2;205;12
2;205;13
2;205;14
2;205;15
2;205;16
2;205;17
2;205;18
2;205;19
2;205;20
2;205;21
2;205;22
2;205;23
2;205;24
2;205;25
2;205;26
2;205;27
2;205;28
2;205;29
2;205;30
2;205;31
2;205;32
2;205;33
2;205;34
2;205;35
2;205;36
2;206;1
2;206;2
2;206;3
2;206;4
2;206;5
2;206;6
2;206;7
2;206;8
2;206;9
2;206;10
2;206;11
2;206;12
2;206;13
2;206;14
2;206;15
2;206;16
2;206;17
2;206;18
2;206;19
2;206;20
2;206;21
2;206;22
2;206;23
2;206;24
2;206;25
2;206;26
2;206;27
2;206;28
2;206;29
2;206;30
2;206;31
2;206;32
2;206;33
2;206;34
2;206;35
2;206;36
2;207;1
2;207;2
2;207;3
2;207;4
2;207;5
2;207;6
2;207;7
2;207;8
2;207;9
2;207;10
2;207;11
2;207;12
2;207;13
2;207;14
2;207;15
2;207;16
2;207;17
2;207;18
2;207;19
2;207;20
2;207;21
2;207;22
2;207;23
2;207;24
2;207;25
2;207;26
2;207;27
2;207;28
2;207;29
2;207;30
2;207;31
2;207;32
2;207;33
2;207;34
2;207;35
2;207;36
2;208;1
2;208;2
2;208;3
2;208;4
2;208;5
2;208;6
2;208;7
2;208;8
2;208;9
2;208;10
2;208;11
2;208;12
2;208;13
2;208;14
2;208;15
2;208;16
2;208;17
2;208;18
2;208;19
2;208;20
2;208;21
2;208;22
2;208;23
2;208;24
2;208;25
2;208;26
2;208;27
2;208;28
2;208;29
2;208;30
2;208;31
2;208;32
2;208;33
2;208;34
2;208;35
2;208;36
2;209;1
2;209;4
2;209;5
2;209;6
2;209;7
2;209;8
2;209;9
2;209;10
2;209;11
2;209;12
2;209;13
2;209;14
2;209;15
2;209;16
2;209;17
2;209;18
2;209;19
2;209;20
2;209;21
2;209;22
2;209;23
2;209;24
2;209;25
2;209;26
2;209;27
2;209;28
2;209;29
2;209;30
2;209;31
2;209;32
2;209;33
2;209;34
2;209;35
2;209;36
2;209;37
2;209;38
2;209;39
2;209;40
2;209;42
2;209;43
2;209;44
2;209;45
2;209;46
2;209;47
2;210;1
2;210;3
2;210;4
2;210;5
2;210;6
2;210;7
2;210;8
2;210;9
2;210;10
2;210;11
2;210;12
2;210;13
2;210;14
2;210;15
2;210;16
2;210;17
2;210;18
2;210;19
2;210;20
2;210;21
2;210;22
2;210;23
2;210;24
2;210;25
2;210;26
2;210;27
2;210;28
2;210;29
2;210;30
2;210;31
2;210;32
2;210;33
2;210;34
2;210;35
2;210;36
2;210;37
2;210;38
2;210;39
2;210;40
2;210;42
2;210;43
2;210;44
2;210;45
2;211;2
2;211;3
2;211;4
2;211;5
2;211;6
2;211;7
2;211;8
2;211;9
2;211;10
2;211;11
2;211;12
2;211;13
2;211;14
2;211;15
2;211;16
2;211;17
2;211;18
2;211;19
2;211;20
2;211;21
2;211;22
2;211;23
2;211;24
2;211;25
2;211;26
2;211;27
2;211;28
2;211;29
2;211;30
2;211;31
2;211;32
2;211;33
2;212;1
2;212;2
2;212;3
2;212;4
2;212;5
2;212;6
2;212;7
2;212;8
2;212;9
2;212;10
2;212;11
2;212;12
2;212;13
2;212;14
2;212;15
2;212;16
2;212;17
2;212;18
2;212;19
2;212;20
2;212;21
2;212;22
2;212;23
2;212;24
2;212;25
2;212;26
2;212;27
2;212;28
2;212;29
2;212;30
2;212;31
2;212;32
2;212;33
2;212;34
2;212;35
2;212;36
2;212;37
2;212;38
2;212;39
2;212;40
2;212;41
2;212;42
2;212;43
2;212;44
2;212;45
2;212;46
2;212;47
2;213;1
2;213;2
2;213;4
2;213;5
2;213;6
2;213;7
2;213;8
2;213;9
2;213;10
2;213;11
2;213;12
2;213;13
2;213;14
2;213;15
2;213;16
2;213;17
2;213;18
2;213;19
2;213;20
2;213;21
2;213;22
2;213;23
2;213;24
2;213;25
2;213;26
2;213;27
2;213;28
2;213;29
2;213;30
2;213;31
2;213;32
2;213;33
2;213;34
2;213;35
2;213;36
2;213;37
2;213;38
2;213;39
2;213;40
2;213;41
2;213;42
2;213;43
2;213;47
2;214;2
2;214;3
2;214;4
2;214;5
2;214;6
2;214;7
2;214;8
2;214;9
2;214;10
2;214;11
2;214;12
2;214;13
2;214;14
2;214;15
2;214;16
2;214;17
2;214;18
2;214;19
2;214;20
2;214;21
2;214;23
2;214;24
2;214;25
2;214;26
2;214;27
2;214;28
2;214;29
2;214;30
2;214;31
2;214;32
2;214;33
2;214;34
2;214;35
2;214;36
2;214;37
2;214;38
2;214;39
2;214;40
2;214;41
2;214;42
2;214;43
2;214;44
2;214;45
2;214;46